ROWS=50
COLS=100
WIDTH=32
HEIGHT=32
BG=25,/backgrounds/background.png
TS=1,default,/tileset/tileset1.png,32,32,11 2,ground,/tileset/ground2.png,32,32,6
SPRITES=48,208,br.com.giorgetti.games.squareplatform.gameobjects.interaction.EndLevel
PLAYER=48,80
[1] 0,1,0,1 1,1,0,1 2,1,0,1 3,1,0,1 4,1,0,1 5,1,0,1 6,1,0,1 7,1,0,1 8,1,0,1 9,1,0,1 10,1,0,1 11,1,0,1 12,1,0,1 13,1,0,1
[2] 0,1,0,1 1,1,0,1 2,1,0,1 3,1,0,1 4,1,0,1 5,1,0,1 6,1,0,1 7,1,0,1 8,1,0,1 9,1,0,1 10,1,0,1 11,1,0,1 12,1,0,1 13,1,0,1
[3] 7,1,0,1 9,1,0,1 11,1,0,1 12,1,0,1 13,1,0,1
[4] 11,1,0,1 12,1,0,1 13,1,0,1
[5] 3,1,0,1 4,1,0,1 11,1,0,1 12,1,0,1 13,1,0,1
[6] 0,1,0,1 1,1,0,1 2,1,0,1 11,1,0,1 12,1,0,1 13,1,0,1
